inaccessible
(9, 1)
(10, 1)
(11, 1)
(9, 2)
(10, 2)
(11, 2)
(9, 3)
(10, 3)
(11, 3)
(9, 4)
(10, 4)
(11, 4)
(9, 5)
(10, 5)
(11, 5)
(9, 6)
(10, 6)
(11, 6)
(9, 7)
(10, 7)
(11, 7)
(9, 8)
(10, 8)
(11, 8)
(9, 9)
(10, 9)
(11, 9)
(9, 10)
(10, 10)
(11, 10)
(9, 11)
(10, 11)
(11, 11)
(9, 12)
(10, 12)
(11, 12)
(9, 13)
(10, 13)
(11, 13)
(1, 14)
(2, 14)
(6, 14)
(7, 14)
(8, 14)
(9, 14)
(1, -14)
(2, -14)
(6, -14)
(7, -14)
(8, -14)
(1, -13)
(2, -13)
(3, -13)
(4, -13)
(5, -13)
(6, -13)
(7, -13)
(8, -13)
(1, -12)
(2, -12)
(3, -12)
(4, -12)
(5, -12)
(6, -12)
(7, -12)
(8, -12)
(-1, -14)
(-2, -14)
(-3, -14)
(-4, -14)
(-5, -14)
(-6, -14)
(-7, -14)
(-8, -14)
(-9, -14)
(-10, -14)
(-11, -14)
(-1, -13)
(-2, -13)
(-3, -13)
(-4, -13)
(-5, -13)
(-6, -13)
(-7, -13)
(-8, -13)
(-9, -13)
(-10, -13)
(-11, -13)
(-1, -12)
(-2, -12)
(-3, -12)
(-4, -12)
(-5, -12)
(-6, -12)
(-7, -12)
(-8, -12)
(-9, -12)
(-10, -12)
(-11, -12)
(-10, -11)
(-11, -11)
(-10, -10)
(-11, -10)
(-1, 14)
(-2, 14)
(-3, 14)
(-4, 14)
(-5, 14)
(-6, 14)
(-7, 14)
(-8, 14)
(-9, 14)
(-10, 14)
(-11, 14)
(-7, 13)
(-8, 13)
(-9, 13)
(-10, 13)
(-11, 13)
(-7, 12)
(-8, 12)
(-9, 12)
(-10, 12)
(-11, 12)
(-7, 11)
(-8, 11)
(-9, 11)
(-10, 11)
(-11, 11)
(-7, 10)
(-8, 10)