1,2,3,4,D128,2010-04-08 17:57:30.961989,6,-1,254,345,62,161,269,2,82,189
1,2,3,4,D128,2010-04-08 17:57:43.467010,6,-2,254,345,62,161,267,356,82,194
1,2,3,4,D128,2010-04-08 17:57:52.371014,6,-3,254,345,62,161,294,9,99,232
1,2,3,4,D128,2010-04-08 17:58:01.698189,6,-4,254,345,62,161,324,24,114,247
1,2,3,4,D128,2010-04-08 17:58:10.387026,6,-5,254,345,62,161,294,15,98,209
1,2,3,4,D128,2010-04-08 17:58:23.339029,6,-6,254,345,62,161,272,3,88,183
1,2,3,4,D128,2010-04-08 17:58:31.673230,6,-7,254,345,62,161,258,352,81,171
1,2,3,4,D128,2010-04-08 17:58:39.385031,6,-8,254,345,62,161,185,318,6,32
1,2,3,4,D128,2010-04-08 17:58:48.064037,6,-9,254,345,62,161,106,208,283,351
1,2,3,4,D128,2010-04-08 17:58:56.617025,6,-10,254,345,62,161,270,3,87,212
1,2,3,4,D128,2010-04-08 17:59:07.051029,6,-11,254,345,62,161,265,358,82,186
1,2,3,4,D128,2010-04-08 17:59:20.783037,7,-11,254,345,62,161,269,0,72,188
1,2,3,4,D128,2010-04-08 17:59:27.549037,7,-10,254,345,62,161,327,20,92,245
1,2,3,4,D128,2010-04-08 17:59:35.282037,7,-9,254,345,62,161,77,180,273,332
1,2,3,4,D128,2010-04-08 17:59:43.850057,7,-8,254,345,62,161,198,323,23,33
1,2,3,4,D128,2010-04-08 17:59:53.553049,7,-7,254,345,62,161,264,355,78,172
1,2,3,4,D128,2010-04-08 18:00:03.166259,7,-6,254,345,62,161,287,14,98,198
1,2,3,4,D128,2010-04-08 18:00:10.695050,7,-5,254,345,62,161,322,33,122,234
1,2,3,4,D128,2010-04-08 18:00:21.616057,7,-4,254,345,62,161,336,32,120,252
1,2,3,4,D128,2010-04-08 18:00:33.315063,7,-3,254,345,62,161,308,17,104,233
1,2,3,4,D128,2010-04-08 18:00:41.825090,7,-2,254,345,62,161,292,18,107,216
