1,2,3,4,D128,2010-04-08 17:36:06.490498,1,-1,254,345,62,161,122,223,327,34
1,2,3,4,D128,2010-04-08 17:36:09.387680,1,-1,254,345,62,161,123,223,328,35
1,2,3,4,D128,2010-04-08 17:36:25.073493,1,-2,254,345,62,161,160,273,0,59
1,2,3,4,D128,2010-04-08 17:36:38.628492,1,-3,254,345,62,161,198,309,22,100
1,2,3,4,D128,2010-04-08 17:36:52.505507,1,-4,254,345,62,161,220,320,35,134
1,2,3,4,D128,2010-04-08 17:37:06.709497,1,-5,254,345,62,161,255,335,49,150
1,2,3,4,D128,2010-04-08 17:39:00.039731,1,-6,254,345,62,161,326,38,117,224
1,2,3,4,D128,2010-04-08 17:39:10.274554,1,-7,254,345,62,161,306,30,120,221
1,2,3,4,D128,2010-04-08 17:39:19.682559,1,-8,254,345,62,161,340,55,162,261
1,2,3,4,D128,2010-04-08 17:39:27.035570,1,-9,254,345,62,161,11,58,204,309
1,2,3,4,D128,2010-04-08 17:39:34.664553,1,-10,254,345,62,161,305,15,74,222
1,2,3,4,D128,2010-04-08 17:39:42.235554,1,-11,254,345,62,161,270,0,79,182
1,2,3,4,D128,2010-04-08 17:40:03.492568,2,-11,254,345,62,161,263,352,67,171
1,2,3,4,D128,2010-04-08 17:40:14.220588,2,-10,254,345,62,161,341,16,46,243
1,2,3,4,D128,2010-04-08 17:40:22.685585,2,-9,254,345,62,161,81,170,286,351
1,2,3,4,D128,2010-04-08 17:40:29.913575,2,-8,254,345,62,161,341,37,152,266
1,2,3,4,D128,2010-04-08 17:40:43.454593,2,-7,254,345,62,161,283,8,94,194
1,2,3,4,D128,2010-04-08 17:40:55.540598,2,-6,254,345,62,161,298,18,93,200
1,2,3,4,D128,2010-04-08 17:41:02.291605,2,-5,254,345,62,161,356,42,110,258
1,2,3,4,D128,2010-04-08 17:41:08.299589,2,-4,254,345,62,161,36,48,124,302
1,2,3,4,D128,2010-04-08 17:41:15.298592,2,-3,254,345,62,161,42,36,72,307
1,2,3,4,D128,2010-04-08 17:41:21.360592,2,-2,254,345,62,161,38,30,92,303
1,2,3,4,D128,2010-04-08 17:41:27.691596,2,-1,254,345,62,161,30,3,79,296
1,2,3,4,D128,2010-04-08 17:41:43.517621,3,-1,254,345,62,161,14,90,228,297
