1,2,3,4,D128,2010-04-08 18:36:47.108963,3,11,254,345,62,161,185,310,23,68
1,2,3,4,D128,2010-04-08 18:37:05.994987,3,12,254,345,62,161,228,342,47,111
1,2,3,4,D128,2010-04-08 18:37:24.546964,3,13,254,345,62,161,275,7,95,194
1,2,3,4,D128,2010-04-08 18:37:38.119985,3,14,254,345,62,161,280,7,98,196
1,2,3,4,D128,2010-04-08 18:37:52.034165,4,14,254,345,62,161,294,20,108,206
1,2,3,4,D128,2010-04-08 18:38:00.974003,4,13,254,345,62,161,283,11,97,203
1,2,3,4,D128,2010-04-08 18:39:15.932019,4,12,254,345,62,161,188,325,352,27
1,2,3,4,D128,2010-04-08 18:39:28.488014,4,11,254,345,62,161,177,292,8,65
1,2,3,4,D128,2010-04-08 18:39:41.226018,4,10,254,345,62,161,202,313,30,103
1,2,3,4,D128,2010-04-08 18:39:54.569044,4,9,254,345,62,161,233,327,48,151
1,2,3,4,D128,2010-04-08 18:40:19.452053,4,8,254,345,62,161,240,329,42,133
1,2,3,4,D128,2010-04-08 18:40:55.170048,4,7,254,345,62,161,153,278,8,63
1,2,3,4,D128,2010-04-08 18:41:10.702073,4,6,254,345,62,161,155,279,17,55
1,2,3,4,D128,2010-04-08 18:41:29.507076,4,5,254,345,62,161,121,329,35,331
1,2,3,4,D128,2010-04-08 18:41:44.925103,4,4,254,345,62,161,166,340,53,305
1,2,3,4,D128,2010-04-08 18:42:04.764089,4,3,254,345,62,161,270,0,79,209
1,2,3,4,D128,2010-04-08 18:42:18.280083,4,2,254,345,62,161,216,314,13,62
1,2,3,4,D128,2010-04-08 18:42:34.601102,4,1,254,345,62,161,152,268,7,69
1,2,3,4,D128,2010-04-08 18:42:46.836111,5,1,254,345,62,161,213,312,54,137
1,2,3,4,D128,2010-04-08 18:43:03.859113,5,2,254,345,62,161,160,229,306,47
1,2,3,4,D128,2010-04-08 18:44:22.634136,5,3,254,345,62,161,313,7,40,323
1,2,3,4,D128,2010-04-08 18:44:34.365168,5,4,254,345,62,161,304,0,75,241
1,2,3,4,D128,2010-04-08 18:44:51.303147,5,5,254,345,62,161,261,345,64,198
