1,2,3,4,D128,2010-04-08 17:43:23.264666,3,-1,254,345,62,161,143,66,179,281
1,2,3,4,D128,2010-04-08 17:43:46.680668,3,-2,254,345,62,161,21,63,179,295
1,2,3,4,D128,2010-04-08 17:43:54.091669,3,-3,254,345,62,161,17,54,143,291
1,2,3,4,D128,2010-04-08 17:44:01.795675,3,-4,254,345,62,161,25,57,143,294
1,2,3,4,D128,2010-04-08 17:44:09.390698,3,-5,254,345,62,161,339,33,97,246
1,2,3,4,D128,2010-04-08 17:44:16.649665,3,-6,254,345,62,161,284,5,82,189
1,2,3,4,D128,2010-04-08 17:44:24.075675,3,-7,254,345,62,161,294,12,100,209
1,2,3,4,D128,2010-04-08 17:44:31.234671,3,-8,254,345,62,161,357,63,175,275
1,2,3,4,D128,2010-04-08 17:44:40.933676,3,-9,254,345,62,161,58,135,248,327
1,2,3,4,D128,2010-04-08 17:44:48.050698,3,-10,254,345,62,161,9,68,147,272
1,2,3,4,D128,2010-04-08 17:44:56.833696,3,-11,254,345,62,161,275,5,76,188
1,2,3,4,D128,2010-04-08 17:45:11.573697,4,-11,254,345,62,161,155,37,278,20
1,2,3,4,D128,2010-04-08 17:45:25.366709,4,-10,254,345,62,161,23,72,163,288
1,2,3,4,D128,2010-04-08 17:45:34.153891,4,-9,254,345,62,161,89,188,279,347
1,2,3,4,D128,2010-04-08 17:45:41.900699,4,-8,254,345,62,161,234,340,40,29
1,2,3,4,D128,2010-04-08 17:45:49.777902,4,-7,254,345,62,161,261,350,84,174
1,2,3,4,D128,2010-04-08 17:46:15.949730,4,-6,254,345,62,161,277,2,75,180
1,2,3,4,D128,2010-04-08 17:46:23.163717,4,-5,254,345,62,161,328,31,104,236
1,2,3,4,D128,2010-04-08 17:46:29.646911,4,-4,254,345,62,161,7,53,147,280
1,2,3,4,D128,2010-04-08 17:46:37.145925,4,-3,254,345,62,161,15,53,159,289
1,2,3,4,D128,2010-04-08 17:46:43.136724,4,-2,254,345,62,161,18,25,65,292
1,2,3,4,D128,2010-04-08 17:46:49.394916,4,-1,254,345,62,161,80,272,0,342
1,2,3,4,D128,2010-04-08 17:46:58.455760,5,-1,254,345,62,161,196,295,23,108
