1,2,3,4,D128,2010-04-08 18:59:23.610491,6,2,254,345,62,161,56,152,226,298
1,2,3,4,D128,2010-04-08 18:59:42.437528,6,1,254,345,62,161,294,37,119,213
1,2,3,4,D128,2010-04-08 18:59:57.376534,7,1,254,345,62,161,351,43,137,268
1,2,3,4,D128,2010-04-08 19:00:16.810513,7,2,254,345,62,161,44,57,165,294
1,2,3,4,D128,2010-04-08 19:01:18.821546,7,3,254,345,62,161,152,333,30,340
1,2,3,4,D128,2010-04-08 19:01:28.639551,7,4,254,345,62,161,233,345,67,187
1,2,3,4,D128,2010-04-08 19:01:40.397551,7,5,254,345,62,161,254,357,79,201
1,2,3,4,D128,2010-04-08 19:01:52.432580,7,6,254,345,62,161,286,15,99,230
1,2,3,4,D128,2010-04-08 19:02:04.395561,7,7,254,345,62,161,349,52,146,266
1,2,3,4,D128,2010-04-08 19:02:14.985569,7,8,254,345,62,161,355,36,125,268
1,2,3,4,D128,2010-04-08 19:02:26.186590,7,9,254,345,62,161,322,20,109,261
1,2,3,4,D128,2010-04-08 19:02:37.379615,7,10,254,345,62,161,293,21,112,217
1,2,3,4,D128,2010-04-08 19:02:46.542596,7,11,254,345,62,161,321,65,150,229
1,2,3,4,D128,2010-04-08 19:02:56.483599,7,12,254,345,62,161,19,118,202,283
1,2,3,4,D128,2010-04-08 19:03:13.524606,7,13,254,345,62,161,149,269,354,43
1,2,3,4,D128,2010-04-08 19:03:42.395613,8,13,254,345,62,161,220,326,25,112
1,2,3,4,D128,2010-04-08 19:04:16.032688,8,12,254,345,62,161,329,3,103,241
1,2,3,4,D128,2010-04-08 19:04:53.908633,8,11,254,345,62,161,334,44,143,246
1,2,3,4,D128,2010-04-08 19:05:09.951652,8,10,254,345,62,161,323,39,133,245
1,2,3,4,D128,2010-04-08 19:05:24.805662,8,9,254,345,62,161,332,37,142,261
1,2,3,4,D128,2010-04-08 19:05:34.829650,8,8,254,345,62,161,324,30,123,248
1,2,3,4,D128,2010-04-08 19:05:46.206669,8,7,254,345,62,161,342,24,110,264
1,2,3,4,D128,2010-04-08 19:05:56.030715,8,6,254,345,62,161,332,28,113,252
