1,2,3,4,D128,2010-04-08 17:48:55.410782,5,-2,254,345,62,161,236,332,43,155
1,2,3,4,D128,2010-04-08 17:49:15.035786,5,-3,254,345,62,161,352,4,55,277
1,2,3,4,D128,2010-04-08 17:49:32.336816,5,-4,254,345,62,161,14,44,80,287
1,2,3,4,D128,2010-04-08 17:49:40.800818,5,-5,254,345,62,161,340,27,89,249
1,2,3,4,D128,2010-04-08 17:50:59.684845,5,-6,254,345,62,161,310,22,98,215
1,2,3,4,D128,2010-04-08 17:51:06.887040,5,-7,254,345,62,161,287,10,90,192
1,2,3,4,D128,2010-04-08 17:51:13.497024,5,-8,254,345,62,161,281,5,90,194
1,2,3,4,D128,2010-04-08 17:51:20.873840,5,-9,254,345,62,161,12,35,228,306
1,2,3,4,D128,2010-04-08 17:51:28.791042,5,-10,254,345,62,161,73,158,269,335
1,2,3,4,D128,2010-04-08 17:51:35.161843,5,-11,254,345,62,161,298,8,69,209
1,2,3,4,D128,2010-04-08 17:51:45.872867,5,-12,254,345,62,161,260,351,67,171
1,2,3,4,D128,2010-04-08 17:51:56.459863,6,-12,254,345,62,161,273,0,77,189
1,2,3,4,D128,2010-04-08 17:52:05.432869,6,-11,254,345,62,161,291,8,76,225
1,2,3,4,D128,2010-04-08 17:52:12.586069,6,-10,254,345,62,161,103,202,285,353
1,2,3,4,D128,2010-04-08 17:52:20.382023,6,-9,254,345,62,161,181,318,353,28
1,2,3,4,D128,2010-04-08 17:52:27.419860,6,-8,254,345,62,161,261,353,81,172
1,2,3,4,D128,2010-04-08 17:52:34.750865,6,-7,254,345,62,161,275,4,85,184
1,2,3,4,D128,2010-04-08 17:52:41.806873,6,-6,254,345,62,161,301,18,95,212
1,2,3,4,D128,2010-04-08 17:52:48.483871,6,-5,254,345,62,161,338,27,108,255
1,2,3,4,D128,2010-04-08 17:52:54.782878,6,-4,254,345,62,161,305,11,93,241
1,2,3,4,D128,2010-04-08 17:53:01.131879,6,-3,254,345,62,161,267,354,74,193
1,2,3,4,D128,2010-04-08 17:53:07.590881,6,-2,254,345,62,161,265,0,79,183
1,2,3,4,D128,2010-04-08 17:53:53.078903,6,-1,254,345,62,161,331,77,159,210
1,2,3,4,D128,2010-04-08 17:53:58.572902,6,-1,254,345,62,161,273,7,84,191
