1,2,3,4,D128,2010-04-08 18:14:47.578424,10,-7,254,345,62,161,282,12,77,191
1,2,3,4,D128,2010-04-08 18:14:55.445413,10,-6,254,345,62,161,345,57,157,266
1,2,3,4,D128,2010-04-08 18:15:04.966436,10,-5,254,345,62,161,342,5,134,258
1,2,3,4,D128,2010-04-08 18:15:26.791425,11,-6,254,345,62,161,75,189,317,3
1,2,3,4,D128,2010-04-08 18:15:36.492432,11,-7,254,345,62,161,220,320,27,123
1,2,3,4,D128,2010-04-08 18:15:50.421450,11,-8,254,345,62,161,245,345,69,168
1,2,3,4,D128,2010-04-08 18:16:00.011660,11,-9,254,345,62,161,220,329,50,125
1,2,3,4,D128,2010-04-08 18:16:10.949457,11,-10,254,345,62,161,192,299,19,90
1,2,3,4,D128,2010-04-08 18:16:25.611462,11,-11,254,345,62,161,131,285,9,14
1,2,3,4,D128,2010-04-08 18:16:44.073474,11,-12,254,345,62,161,25,75,314,296
1,2,3,4,D128,2010-04-08 18:16:53.709462,11,-13,254,345,62,161,277,351,51,166
1,2,3,4,D128,2010-04-08 18:17:16.490680,11,-14,254,345,62,161,270,346,72,210
1,2,3,4,D128,2010-04-08 18:17:32.717491,12,-11,254,345,62,161,338,47,126,242
1,2,3,4,D128,2010-04-08 18:17:43.300484,12,-10,254,345,62,161,355,60,158,271
1,2,3,4,D128,2010-04-08 18:17:55.688501,12,-9,254,345,62,161,348,57,162,269
