1,2,3,4,D128,2010-04-08 18:46:50.715396,5,6,254,345,62,161,234,331,57,155
1,2,3,4,D128,2010-04-08 18:47:07.286197,5,7,254,345,62,161,206,296,40,129
1,2,3,4,D128,2010-04-08 18:47:22.597404,5,8,254,345,62,161,196,291,352,86
1,2,3,4,D128,2010-04-08 18:47:35.574206,5,9,254,345,62,161,218,330,47,125
1,2,3,4,D128,2010-04-08 18:47:45.637233,5,10,254,345,62,161,210,320,45,126
1,2,3,4,D128,2010-04-08 18:47:58.368260,5,11,254,345,62,161,190,283,17,103
1,2,3,4,D128,2010-04-08 18:48:09.998242,5,12,254,345,62,161,153,239,324,53
1,2,3,4,D128,2010-04-08 18:48:47.869244,5,13,254,345,62,161,328,49,197,306
1,2,3,4,D128,2010-04-08 18:49:43.905261,5,14,254,345,62,161,297,18,109,214
1,2,3,4,D128,2010-04-08 18:50:22.453278,6,14,254,345,62,161,290,0,71,209
1,2,3,4,D128,2010-04-08 18:54:29.369400,6,13,254,345,62,161,36,104,230,334
1,2,3,4,D128,2010-04-08 18:54:47.359399,6,12,254,345,62,161,36,104,230,334
1,2,3,4,D128,2010-04-08 18:55:07.950407,6,12,254,345,62,161,153,236,334,61
1,2,3,4,D128,2010-04-08 18:55:48.035458,6,11,254,345,62,161,209,292,44,140
1,2,3,4,D128,2010-04-08 18:56:18.058489,6,10,254,345,62,161,265,351,83,198
1,2,3,4,D128,2010-04-08 18:56:46.842438,6,9,254,345,62,161,326,18,102,267
1,2,3,4,D128,2010-04-08 18:56:58.454460,6,8,254,345,62,161,72,118,213,313
1,2,3,4,D128,2010-04-08 18:57:24.099469,6,7,254,345,62,161,310,54,133,212
1,2,3,4,D128,2010-04-08 18:57:35.972473,6,6,254,345,62,161,243,345,65,157
1,2,3,4,D128,2010-04-08 18:57:49.583458,6,5,254,345,62,161,231,334,57,158
1,2,3,4,D128,2010-04-08 18:58:02.459485,6,4,254,345,62,161,239,338,55,168
1,2,3,4,D128,2010-04-08 18:58:13.004468,6,3,254,345,62,161,157,308,345,11
