1,2,3,4,D128,2010-04-08 18:31:21.470813,2,11,254,345,62,161,175,291,8,57
1,2,3,4,D128,2010-04-08 18:31:38.622819,2,10,254,345,62,161,151,291,14,12
1,2,3,4,D128,2010-04-08 18:31:52.743831,2,9,254,345,62,161,314,353,78,252
1,2,3,4,D128,2010-04-08 18:32:03.582852,2,8,254,345,62,161,334,33,118,237
1,2,3,4,D128,2010-04-08 18:32:16.425029,2,7,254,345,62,161,355,77,215,287
1,2,3,4,D128,2010-04-08 18:32:27.251839,2,6,254,345,62,161,2,80,179,277
1,2,3,4,D128,2010-04-08 18:32:40.133847,2,5,254,345,62,161,309,18,92,245
1,2,3,4,D128,2010-04-08 18:32:50.876867,2,4,254,345,62,161,257,354,64,197
1,2,3,4,D128,2010-04-08 18:33:01.235856,2,3,254,345,62,161,195,326,33,59
1,2,3,4,D128,2010-04-08 18:33:13.509046,2,2,254,345,62,161,158,261,323,37
1,2,3,4,D128,2010-04-08 18:33:25.882870,2,1,254,345,62,161,210,326,62,149
1,2,3,4,D128,2010-04-08 18:33:48.372890,3,1,254,345,62,161,333,77,199,269
1,2,3,4,D128,2010-04-08 18:34:00.950064,3,2,254,345,62,161,34,68,137,280
1,2,3,4,D128,2010-04-08 18:34:11.089886,3,3,254,345,62,161,326,357,72,248
1,2,3,4,D128,2010-04-08 18:34:20.511896,3,4,254,345,62,161,15,5,57,301
1,2,3,4,D128,2010-04-08 18:34:28.835893,3,5,254,345,62,161,13,38,91,287
1,2,3,4,D128,2010-04-08 18:34:35.993897,3,6,254,345,62,161,50,141,258,312
1,2,3,4,D128,2010-04-08 18:34:44.286898,3,7,254,345,62,161,112,215,265,357
1,2,3,4,D128,2010-04-08 18:34:54.473921,3,8,254,345,62,161,283,6,91,194
1,2,3,4,D128,2010-04-08 18:35:04.252923,3,9,254,345,62,161,272,352,70,204
1,2,3,4,D128,2010-04-08 18:35:11.636911,3,10,254,345,62,161,207,329,43,201
