1,2,3,4,D128,2010-04-08 18:08:41.527274,9,-3,254,345,62,161,345,60,157,256
1,2,3,4,D128,2010-04-08 18:09:00.663286,9,-2,254,345,62,161,344,58,154,255
1,2,3,4,D128,2010-04-08 18:09:11.010291,9,-1,254,345,62,161,351,74,170,260
1,2,3,4,D128,2010-04-08 18:09:53.081310,9,-12,254,345,62,161,349,26,105,262
1,2,3,4,D128,2010-04-08 18:10:05.672316,9,-13,254,345,62,161,278,8,90,192
1,2,3,4,D128,2010-04-08 18:10:38.686316,9,-14,254,345,62,161,261,0,82,166
1,2,3,4,D128,2010-04-08 18:10:53.229500,10,-14,254,345,62,161,271,7,81,159
1,2,3,4,D128,2010-04-08 18:11:11.893336,10,-13,254,345,62,161,316,35,122,223
1,2,3,4,D128,2010-04-08 18:11:29.259353,10,-12,254,345,62,161,10,84,176,271
1,2,3,4,D128,2010-04-08 18:11:42.391358,10,-11,254,345,62,161,30,115,217,299
1,2,3,4,D128,2010-04-08 18:12:19.685356,10,-10,254,345,62,161,190,297,19,89
1,2,3,4,D128,2010-04-08 18:12:29.080374,10,-10,254,345,62,161,28,108,238,304
1,2,3,4,D128,2010-04-08 18:12:42.085377,10,-9,254,345,62,161,277,340,54,179
1,2,3,4,D128,2010-04-08 18:12:55.067366,10,-8,254,345,62,161,252,345,64,160
