1,2,3,4,D128,2010-04-08 18:23:12.240637,1,1,254,345,62,161,124,254,1,30
1,2,3,4,D128,2010-04-08 18:23:29.853640,1,2,254,345,62,161,238,329,38,126
1,2,3,4,D128,2010-04-08 18:23:43.432644,1,3,254,345,62,161,260,352,68,174
1,2,3,4,D128,2010-04-08 18:23:52.917651,1,4,254,345,62,161,280,7,87,199
1,2,3,4,D128,2010-04-08 18:24:05.552643,1,5,254,345,62,161,304,18,98,228
1,2,3,4,D128,2010-04-08 18:24:18.002917,1,6,254,345,62,161,308,31,120,232
1,2,3,4,D128,2010-04-08 18:24:33.889653,1,7,254,345,62,161,321,63,155,236
1,2,3,4,D128,2010-04-08 18:25:08.524662,1,8,254,345,62,161,56,93,184,301
1,2,3,4,D128,2010-04-08 18:25:39.933685,1,9,254,345,62,161,176,337,57,278
1,2,3,4,D128,2010-04-08 18:25:49.795697,1,10,254,345,62,161,122,239,333,11
1,2,3,4,D128,2010-04-08 18:26:17.875710,1,11,254,345,62,161,127,255,337,33
1,2,3,4,D128,2010-04-08 18:26:57.655728,1,12,254,345,62,161,296,350,60,160
1,2,3,4,D128,2010-04-08 18:27:09.497713,1,13,254,345,62,161,269,5,79,172
1,2,3,4,D128,2010-04-08 18:27:29.377745,2,13,254,345,62,161,255,349,76,172
1,2,3,4,D128,2010-04-08 18:27:42.129732,2,12,254,345,62,161,255,349,76,172
1,2,3,4,D128,2010-04-08 18:27:57.184750,2,11,254,345,62,161,226,333,46,126
