1,2,3,4,D128,2010-04-08 18:02:32.235126,7,-2,254,345,62,161,291,16,104,215
1,2,3,4,D128,2010-04-08 18:02:41.700120,7,-1,254,345,62,161,320,36,125,238
1,2,3,4,D128,2010-04-08 18:02:50.254133,8,-1,254,345,62,161,345,57,153,255
1,2,3,4,D128,2010-04-08 18:03:00.508175,8,-2,254,345,62,161,330,45,141,248
1,2,3,4,D128,2010-04-08 18:03:06.909147,8,-3,254,345,62,161,310,29,125,237
1,2,3,4,D128,2010-04-08 18:03:16.347144,8,-4,254,345,62,161,313,27,120,235
1,2,3,4,D128,2010-04-08 18:03:23.853331,8,-5,254,345,62,161,313,25,114,230
1,2,3,4,D128,2010-04-08 18:03:32.986139,8,-6,254,345,62,161,297,19,103,210
1,2,3,4,D128,2010-04-08 18:03:41.939159,8,-7,254,345,62,161,283,9,97,202
1,2,3,4,D128,2010-04-08 18:03:51.825351,8,-8,254,345,62,161,345,42,154,269
1,2,3,4,D128,2010-04-08 18:04:01.540259,8,-9,254,345,62,161,26,89,198,295
1,2,3,4,D128,2010-04-08 18:04:09.286153,8,-10,254,345,62,161,17,68,167,271
1,2,3,4,D128,2010-04-08 18:04:18.246155,8,-11,254,345,62,161,309,14,101,249
1,2,3,4,D128,2010-04-08 18:04:55.945166,9,-11,254,345,62,161,51,91,201,304
1,2,3,4,D128,2010-04-08 18:05:04.456178,9,-10,254,345,62,161,47,119,215,308
1,2,3,4,D128,2010-04-08 18:05:13.461207,9,-9,254,345,62,161,26,81,191,294
1,2,3,4,D128,2010-04-08 18:05:29.640191,9,-8,254,345,62,161,266,348,76,186
1,2,3,4,D128,2010-04-08 18:05:41.856221,9,-7,254,345,62,161,266,348,76,186
1,2,3,4,D128,2010-04-08 18:05:51.688208,9,-6,254,345,62,161,271,4,85,180
1,2,3,4,D128,2010-04-08 18:06:08.006230,9,-5,254,345,62,161,316,33,117,228
1,2,3,4,D128,2010-04-08 18:06:34.080417,9,-4,254,345,62,161,335,53,148,251
1,2,3,4,D128,2010-04-08 18:06:49.257231,9,-3,254,345,62,161,345,63,162,257
1,2,3,4,D128,2010-04-08 18:07:01.402247,9,-2,254,345,62,161,345,60,157,256
