1,2,3,4,D128,2010-04-08 19:09:02.102764,8,5,254,345,62,161,322,25,115,247
1,2,3,4,D128,2010-04-08 19:09:17.762759,8,4,254,345,62,161,331,31,129,257
1,2,3,4,D128,2010-04-08 19:09:39.557763,8,3,254,345,62,161,357,46,150,271
1,2,3,4,D128,2010-04-08 19:09:54.002764,8,2,254,345,62,161,0,60,160,269
1,2,3,4,D128,2010-04-08 19:10:37.121781,8,1,254,345,62,161,0,66,166,269
1,2,3,4,D128,2010-04-08 19:10:52.486774,9,1,254,345,62,161,6,86,188,277
1,2,3,4,D128,2010-04-08 19:11:06.511783,9,2,254,345,62,161,342,47,137,251
1,2,3,4,D128,2010-04-08 19:11:20.639832,9,3,254,345,62,161,344,53,144,250
1,2,3,4,D128,2010-04-08 19:11:32.110810,9,4,254,345,62,161,340,43,150,258
1,2,3,4,D128,2010-04-08 19:11:47.701796,9,5,254,345,62,161,320,22,104,240
1,2,3,4,D128,2010-04-08 19:12:10.441811,9,6,254,345,62,161,328,27,114,248
1,2,3,4,D128,2010-04-08 19:12:21.414834,9,7,254,345,62,161,338,25,101,258
1,2,3,4,D128,2010-04-08 19:12:32.560834,9,8,254,345,62,161,343,25,87,265
1,2,3,4,D128,2010-04-08 19:12:47.468838,9,9,254,345,62,161,0,28,64,293
1,2,3,4,D128,2010-04-08 19:13:08.628850,9,10,254,345,62,161,349,62,167,269
1,2,3,4,D128,2010-04-08 19:13:21.870852,9,11,254,345,62,161,346,51,153,264
1,2,3,4,D128,2010-04-08 19:13:44.844844,9,12,254,345,62,161,323,35,125,242
1,2,3,4,D128,2010-04-08 19:14:00.246868,9,13,254,345,62,161,307,33,130,231
1,2,3,4,D128,2010-04-08 19:14:23.346879,9,14,254,345,62,161,347,283,149,237
