1,2,3,4,D128,2010-04-08 10:20:15.105615,-5,-8,254,345,62,161,300,23,108,207
1,2,3,4,D128,2010-04-08 10:20:45.041535,-5,-7,254,345,62,161,291,17,104,205
1,2,3,4,D128,2010-04-08 10:21:01.242104,-5,-6,254,345,62,161,274,5,92,196
1,2,3,4,D128,2010-04-08 10:21:13.780520,-5,-5,254,345,62,161,269,6,81,200
1,2,3,4,D128,2010-04-08 10:21:24.582861,-5,-4,254,345,62,161,308,25,99,238
1,2,3,4,D128,2010-04-08 10:21:33.101161,-5,-3,254,345,62,161,329,34,121,252
1,2,3,4,D128,2010-04-08 10:21:41.115397,-5,-2,254,345,62,161,325,33,117,244
1,2,3,4,D128,2010-04-08 10:21:47.981623,-5,-1,254,345,62,161,313,27,113,235
1,2,3,4,D128,2010-04-08 10:22:10.443348,-6,-1,254,345,62,161,178,310,46,103
1,2,3,4,D128,2010-04-08 10:22:27.155893,-6,-2,254,345,62,161,303,10,89,234
1,2,3,4,D128,2010-04-08 10:22:40.893341,-6,-3,254,345,62,161,306,19,95,229
1,2,3,4,D128,2010-04-08 10:22:55.696819,-6,-4,254,345,62,161,284,8,80,202
1,2,3,4,D128,2010-04-08 10:23:10.059286,-6,-5,254,345,62,161,278,4,75,188
1,2,3,4,D128,2010-04-08 10:23:23.861758,-6,-6,254,345,62,161,78,346,79,255
1,2,3,4,D128,2010-04-08 10:23:40.259262,-6,-7,254,345,62,161,313,32,106,222
1,2,3,4,D128,2010-04-08 10:23:54.524743,-6,-8,254,345,62,161,311,30,117,217
1,2,3,4,D128,2010-04-08 10:24:16.821446,-6,-9,254,345,62,161,306,30,123,216
1,2,3,4,D128,2010-04-08 10:24:35.319043,-6,-10,254,345,62,161,0,44,227,322
1,2,3,4,D128,2010-04-08 10:25:36.886048,-6,-11,254,345,62,161,278,6,78,178
1,2,3,4,D128,2010-04-08 10:25:57.940725,-7,-11,254,345,62,161,327,48,121,223
1,2,3,4,D128,2010-04-08 10:26:15.958306,-7,-10,254,345,62,161,345,58,163,261
1,2,3,4,D128,2010-04-08 10:26:27.664685,-7,-9,254,345,62,161,314,32,123,224
1,2,3,4,D128,2010-04-08 10:26:36.101960,-7,-8,254,345,62,161,303,22,110,216
