1,2,3,4,D128,2010-04-08 10:37:23.671946,-9,-11,254,345,62,161,349,25,130,295
1,2,3,4,D128,2010-04-08 10:38:00.548164,-9,-10,254,345,62,161,325,22,103,260
1,2,3,4,D128,2010-04-08 10:38:47.252658,-9,-9,254,345,62,161,314,15,90,234
1,2,3,4,D128,2010-04-08 10:39:11.739468,-9,-8,254,345,62,161,17,26,39,273
1,2,3,4,D128,2010-04-08 10:39:30.333062,-9,-7,254,345,62,161,42,129,254,326
1,2,3,4,D128,2010-04-08 10:39:51.113729,-9,-6,254,345,62,161,331,37,133,248
1,2,3,4,D128,2010-04-08 10:40:04.352165,-9,-5,254,345,62,161,287,286,79,200
1,2,3,4,D128,2010-04-08 10:40:21.727745,-9,-4,254,345,62,161,141,261,7,58
1,2,3,4,D128,2010-04-08 10:40:39.749344,-9,-3,254,345,62,161,153,254,344,55
1,2,3,4,D128,2010-04-08 10:40:52.023707,-9,-2,254,345,62,161,194,283,5,88
1,2,3,4,D128,2010-04-08 10:41:08.046245,-9,-1,254,345,62,161,215,278,7,109
1,2,3,4,D128,2010-04-08 10:41:21.090646,-10,-1,254,345,62,161,310,25,104,213
1,2,3,4,D128,2010-04-08 10:41:34.294083,-10,-2,254,345,62,161,341,46,143,261
1,2,3,4,D128,2010-04-08 10:41:43.469422,-10,-3,254,345,62,161,54,150,266,340
1,2,3,4,D128,2010-04-08 10:41:55.460803,-10,-4,254,345,62,161,81,177,289,339
1,2,3,4,D128,2010-04-08 10:42:22.876645,-10,-5,254,345,62,161,320,10,86,236
1,2,3,4,D128,2010-04-08 10:42:33.787011,-10,-6,254,345,62,161,346,46,143,261
1,2,3,4,D128,2010-04-08 10:42:51.604593,-10,-7,254,345,62,161,354,62,169,272
1,2,3,4,D128,2010-04-08 10:43:06.830082,-10,-8,254,345,62,161,291,20,76,243
1,2,3,4,D128,2010-04-08 10:43:41.743201,-11,-8,254,345,62,161,223,349,50,118
1,2,3,4,D128,2010-04-08 10:43:52.474548,-11,-7,254,345,62,161,8,57,153,269
1,2,3,4,D128,2010-04-08 10:44:05.909998,-11,-6,254,345,62,161,0,44,144,275
1,2,3,4,D128,2010-04-08 10:44:16.278318,-11,-5,254,345,62,161,11,39,123,281
