1,2,3,4,D128,2010-04-08 10:46:13.181110,-11,-5,254,345,62,161,11,39,123,281
1,2,3,4,D128,2010-04-08 10:46:26.537541,-11,-4,254,345,62,161,14,79,232,295
1,2,3,4,D128,2010-04-08 10:46:47.203207,-11,-3,254,345,62,161,9,85,198,287
1,2,3,4,D128,2010-04-08 10:47:04.492770,-11,-2,254,345,62,161,349,60,162,262
1,2,3,4,D128,2010-04-08 10:47:15.341069,-11,-1,254,345,62,161,332,39,132,244
1,2,3,4,D128,2010-04-08 10:48:25.165396,-1,-1,254,345,62,161,76,161,281,357
1,2,3,4,D128,2010-04-08 10:48:45.363042,-1,-2,254,345,62,161,154,262,343,48
1,2,3,4,D128,2010-04-08 10:49:00.775542,-1,-3,254,345,62,161,194,310,21,86
1,2,3,4,D128,2010-04-08 10:49:13.609955,-1,-4,254,345,62,161,227,329,41,196
1,2,3,4,D128,2010-04-08 10:49:28.291434,-1,-5,254,345,62,161,312,16,99,222
1,2,3,4,D128,2010-04-08 10:49:43.212919,-1,-6,254,345,62,161,347,62,166,261
1,2,3,4,D128,2010-04-08 10:49:55.401344,-1,-7,254,345,62,161,301,31,97,201
