1,2,3,4,D128,2010-04-08 10:12:45.846054,-3,-1,254,345,62,161,333,51,148,247
1,2,3,4,D128,2010-04-08 10:14:02.161523,-4,-1,254,345,62,161,318,35,126,234
1,2,3,4,D128,2010-04-08 10:14:16.545993,-4,-1,254,345,62,161,337,47,148,253
1,2,3,4,D128,2010-04-08 10:14:29.830423,-4,-1,254,345,62,161,323,37,130,240
1,2,3,4,D128,2010-04-08 10:14:42.068846,-4,-2,254,345,62,161,330,42,143,248
1,2,3,4,D128,2010-04-08 10:14:56.556297,-4,-3,254,345,62,161,329,39,138,248
1,2,3,4,D128,2010-04-08 10:15:13.338829,-4,-4,254,345,62,161,336,47,142,249
1,2,3,4,D128,2010-04-08 10:15:34.278513,-4,-5,254,345,62,161,317,33,121,229
1,2,3,4,D128,2010-04-08 10:15:53.789143,-4,-6,254,345,62,161,307,27,115,218
1,2,3,4,D128,2010-04-08 10:16:10.244688,-4,-7,254,345,62,161,300,23,111,210
1,2,3,4,D128,2010-04-08 10:16:26.894216,-4,-8,254,345,62,161,289,19,111,202
1,2,3,4,D128,2010-04-08 10:16:38.598593,-4,-9,254,345,62,161,234,337,44,125
1,2,3,4,D128,2010-04-08 10:16:50.652984,-4,-10,254,345,62,161,147,250,319,32
1,2,3,4,D128,2010-04-08 10:17:10.881655,-4,-11,254,345,62,161,221,319,53,172
1,2,3,4,D128,2010-04-08 10:17:37.545509,-5,-11,254,345,62,161,268,357,50,182
1,2,3,4,D128,2010-04-08 10:17:53.940039,-5,-10,254,345,62,161,53,140,268,337
1,2,3,4,D128,2010-04-08 10:18:13.146660,-5,-9,254,345,62,161,301,17,100,212
1,2,3,4,D128,2010-04-08 10:18:18.292825,-5,-9,254,345,62,161,302,18,100,212
