1,2,3,4,D128,2010-04-08 09:59:34.458404,-2,-1,254,345,62,161,0,82,207,283
1,2,3,4,D128,2010-04-08 09:59:51.857985,-2,-2,254,345,62,161,305,9,18,263
1,2,3,4,D128,2010-04-08 10:00:10.991586,-2,-3,254,345,62,161,276,347,36,274
1,2,3,4,D128,2010-04-08 10:00:28.906167,-2,-4,254,345,62,161,295,6,82,219
1,2,3,4,D128,2010-04-08 10:01:07.816428,-2,-5,254,345,62,161,319,28,120,233
1,2,3,4,D128,2010-04-08 10:02:10.324453,-2,-6,254,345,62,161,332,51,150,243
1,2,3,4,D128,2010-04-08 10:02:29.797097,-2,-7,254,345,62,161,304,33,123,217
1,2,3,4,D128,2010-04-08 10:02:54.220874,-2,-8,254,345,62,161,199,36,274,356
1,2,3,4,D128,2010-04-08 10:03:15.958582,-2,-9,254,345,62,161,206,32,270,344
1,2,3,4,D128,2010-04-08 10:04:47.767558,-2,-9,254,345,62,161,180,331,2,17
1,2,3,4,D128,2010-04-08 10:05:03.615071,-2,-10,254,345,62,161,168,269,8,121
1,2,3,4,D128,2010-04-08 10:05:28.994895,-2,-11,254,345,62,161,284,10,97,198
1,2,3,4,D128,2010-04-08 10:05:46.814485,-3,-11,254,345,62,161,261,348,77,185
1,2,3,4,D128,2010-04-08 10:06:07.102135,-3,-10,254,345,62,161,146,251,336,45
1,2,3,4,D128,2010-04-08 10:06:26.135748,-3,-9,254,345,62,161,202,291,7,94
1,2,3,4,D128,2010-04-08 10:06:47.966452,-3,-8,254,345,62,161,275,0,57,149
1,2,3,4,D128,2010-04-08 10:07:04.203983,-3,-7,254,345,62,161,294,18,100,201
1,2,3,4,D128,2010-04-08 10:07:16.869390,-3,-6,254,345,62,161,318,32,108,228
1,2,3,4,D128,2010-04-08 10:07:36.499027,-3,-5,254,345,62,161,323,34,115,236
1,2,3,4,D128,2010-04-08 10:07:51.863525,-3,-4,254,345,62,161,3,58,161,274
1,2,3,4,D128,2010-04-08 10:08:10.176116,-3,-3,254,345,62,161,344,50,153,262
1,2,3,4,D128,2010-04-08 10:08:33.983886,-3,-2,254,345,62,161,345,55,157,261
1,2,3,4,D128,2010-04-08 10:08:46.045312,-3,-1,254,345,62,161,334,52,149,247
