1,2,3,4,D128,2010-04-08 10:28:29.320626,-7,-8,254,345,62,161,294,15,106,211
1,2,3,4,D128,2010-04-08 10:28:56.081502,-7,-7,254,345,62,161,241,337,83,175
1,2,3,4,D128,2010-04-08 10:29:13.634076,-7,-6,254,345,62,161,190,270,337,90
1,2,3,4,D128,2010-04-08 10:29:51.352283,-7,-5,254,345,62,161,232,338,53,143
1,2,3,4,D128,2010-04-08 10:30:04.206701,-7,-4,254,345,62,161,252,350,68,187
1,2,3,4,D128,2010-04-08 10:30:26.445420,-7,-3,254,345,62,161,249,347,70,180
1,2,3,4,D128,2010-04-08 10:30:47.669121,-7,-2,254,345,62,161,221,331,55,154
1,2,3,4,D128,2010-04-08 10:31:30.073508,-7,-1,254,345,62,161,229,332,63,151
1,2,3,4,D128,2010-04-08 10:31:47.059050,-8,-1,254,345,62,161,186,283,16,96
1,2,3,4,D128,2010-04-08 10:32:01.200514,-8,-2,254,345,62,161,184,285,14,90
1,2,3,4,D128,2010-04-08 10:32:19.447084,-8,-3,254,345,62,161,178,286,18,88
1,2,3,4,D128,2010-04-08 10:32:32.498511,-8,-4,254,345,62,161,200,310,33,124
1,2,3,4,D128,2010-04-08 10:32:45.377927,-8,-5,254,345,62,161,242,329,47,149
1,2,3,4,D128,2010-04-08 10:33:02.399483,-8,-6,254,345,62,161,222,313,19,110
1,2,3,4,D128,2010-04-08 10:33:55.066185,-8,-7,254,345,62,161,132,248,348,43
1,2,3,4,D128,2010-04-08 10:34:16.380903,-8,-8,254,345,62,161,10,328,58,239
1,2,3,4,D128,2010-04-08 10:34:30.956350,-8,-9,254,345,62,161,315,19,108,232
1,2,3,4,D128,2010-04-08 10:34:59.160264,-8,-10,254,345,62,161,344,45,144,258
1,2,3,4,D128,2010-04-08 10:35:34.091418,-8,-11,254,345,62,161,350,58,147,255
